[gd_scene load_steps=4 format=2]

[ext_resource path="res://Scenes/Characters/Robot/RobotComplete.tscn" type="PackedScene" id=1]

[sub_resource type="SphereMesh" id=1]
radius = 5.0
height = 10.0

[sub_resource type="SpatialMaterial" id=2]
params_cull_mode = 1
albedo_color = Color( 0.733333, 0.25098, 0.25098, 1 )

[node name="GameOverViewport" type="Viewport"]
size = Vector2( 235, 235 )
handle_input_locally = false
render_target_update_mode = 3

[node name="RobotComplete" parent="." instance=ExtResource( 1 )]

[node name="RobotArmature" parent="RobotComplete" index="6"]
bones/1/bound_children = [ NodePath("BoneAttachment002") ]
bones/2/bound_children = [ NodePath("BoneAttachment011") ]
bones/7/bound_children = [ NodePath("BoneAttachment004") ]
bones/8/bound_children = [ NodePath("BoneAttachment009") ]
bones/9/bound_children = [ NodePath("BoneAttachment") ]
bones/10/bound_children = [ NodePath("BoneAttachment2") ]
bones/22/bound_children = [ NodePath("BoneAttachment010") ]
bones/23/bound_children = [ NodePath("BoneAttachment001") ]
bones/24/bound_children = [ NodePath("BoneAttachment3") ]
bones/37/bound_children = [ NodePath("BoneAttachment005") ]
bones/38/bound_children = [ NodePath("BoneAttachment007") ]
bones/39/bound_children = [ NodePath("BoneAttachment003") ]
bones/41/bound_children = [ NodePath("BoneAttachment006") ]
bones/42/bound_children = [ NodePath("BoneAttachment008") ]

[node name="AnimationPlayer" parent="RobotComplete/RobotArmature" index="0"]
autoplay = "Robot_Dance"

[node name="BoneAttachment" parent="RobotComplete/RobotArmature" index="1"]
transform = Transform( -0.0564262, 0.0120857, -0.998333, 0.0680234, 0.99765, 0.00823249, 0.996087, -0.0674447, -0.0571156, 0.666745, 2.43728, -0.0168432 )

[node name="BoneAttachment2" parent="RobotComplete/RobotArmature" index="2"]
transform = Transform( 0.0388434, -0.0122599, -0.99917, 0.000847305, 0.999925, -0.0122363, 0.999244, -0.000370596, 0.0388509, 1.32294, 2.43187, 0.0206985 )

[node name="BoneAttachment001" parent="RobotComplete/RobotArmature" index="3"]
transform = Transform( -0.059884, -0.0283931, 0.997801, -0.264981, 0.964185, 0.0115335, -0.962391, -0.263708, -0.0652628, -0.738989, 2.43851, -0.0168432 )

[node name="BoneAttachment3" parent="RobotComplete/RobotArmature" index="4"]
transform = Transform( 0.0357705, 0.0187618, 0.999184, -0.177214, 0.984097, -0.0121343, -0.983521, -0.176636, 0.0385265, -1.31296, 2.43187, 0.0206984 )

[node name="BoneAttachment002" parent="RobotComplete/RobotArmature" index="5"]
transform = Transform( -1, 2.15749e-007, -2.93496e-007, 2.0612e-007, 0.999474, 0.0324216, 3.00337e-007, 0.0324217, -0.999474, 0.633527, 0.024694, -0.138034 )

[node name="BoneAttachment003" parent="RobotComplete/RobotArmature" index="6"]
transform = Transform( -1, 1.64626e-006, -2.93497e-007, 1.63588e-006, 0.999474, 0.0324217, 3.46717e-007, 0.0324215, -0.999475, -0.640076, 0.024694, -0.138034 )

[node name="BoneAttachment004" parent="RobotComplete/RobotArmature" index="7"]
transform = Transform( 0.999996, -5.63962e-005, 0.00280693, 0.00280538, -0.0187642, -0.99982, 0.000109056, 0.999824, -0.018764, 6.14762e-009, 3.03846, -0.0107013 )

[node name="BoneAttachment005" parent="RobotComplete/RobotArmature" index="8"]
transform = Transform( 1, -5.21525e-007, -2.88221e-008, -6.37748e-008, -0.176683, 0.984268, -5.18403e-007, -0.984274, -0.176683, 0.630296, 1.5368, -0.0698894 )

[node name="BoneAttachment006" parent="RobotComplete/RobotArmature" index="9"]
transform = Transform( 1, 4.47292e-007, -2.88221e-008, 1.07397e-007, -0.176683, 0.984268, 4.35164e-007, -0.984274, -0.176683, -0.643307, 1.5368, -0.0698895 )

[node name="BoneAttachment007" parent="RobotComplete/RobotArmature" index="10"]
transform = Transform( 1, -2.54154e-007, 3.50088e-009, 4.47876e-008, 0.189744, 0.981834, -2.5019e-007, -0.98184, 0.189746, 0.630296, 0.935406, 0.0380651 )

[node name="BoneAttachment008" parent="RobotComplete/RobotArmature" index="11"]
transform = Transform( 1, -2.01132e-007, -5.3216e-008, 9.04119e-008, 0.189744, 0.981834, -1.87384e-007, -0.98184, 0.189746, -0.643307, 0.935406, 0.038065 )

[node name="BoneAttachment009" parent="RobotComplete/RobotArmature" index="12"]
transform = Transform( -0.0262237, 2.39866e-007, -0.999656, -0.999656, -2.22027e-006, 0.0262235, -2.91318e-006, 0.999999, 3.12459e-007, 0.582738, 2.43949, -0.0168432 )

[node name="BoneAttachment010" parent="RobotComplete/RobotArmature" index="13"]
transform = Transform( -0.00985826, -2.69916e-007, 0.999951, 0.999951, 7.59959e-007, 0.00985831, -1.02818e-006, 1, 2.61236e-007, -0.636816, 2.43952, -0.0168431 )

[node name="BoneAttachment011" parent="RobotComplete/RobotArmature" index="14"]
transform = Transform( 1, 7.15256e-007, 0, 0, 0, -1, -7.15256e-007, 1, 0, 0.00205059, 1.44057, 0.112672 )

[node name="Lives" parent="RobotComplete" index="9"]
visible = false

[node name="Camera" type="Camera" parent="."]
transform = Transform( 1, 0, 0, 0, 0.900588, -0.434673, 0, 0.434673, 0.900588, 0, -0.264503, 2.90977 )
current = true

[node name="SpotLight" type="SpotLight" parent="."]
transform = Transform( -0.532174, 0.568482, -0.627391, 0.328256, 0.821619, 0.466036, 0.78041, 0.0420677, -0.623852, -3.64842, 4.98792, -1.74662 )
light_color = Color( 0.168627, 0.313726, 0.517647, 1 )
light_energy = 5.91
light_indirect_energy = 2.16
spot_angle = 19.3523

[node name="OmniLight" type="OmniLight" parent="."]
transform = Transform( 1, 0, 0, 0, 1, 0, 0, 0, 1, 0, -1.736, 0.172 )
light_color = Color( 0.835294, 0.552941, 0.188235, 1 )
light_energy = 4.11

[node name="MeshInstance" type="MeshInstance" parent="."]
mesh = SubResource( 1 )
material/0 = SubResource( 2 )

[editable path="RobotComplete"]

[editable path="RobotComplete/RobotArmature"]
