<?xml version="1.0" encoding="utf-8"?>
<COLLADA xmlns="http://www.collada.org/2005/11/COLLADASchema" version="1.4.1">
  <asset><contributor><author></author><authoring_tool>FBX COLLADA exporter</authoring_tool><comments></comments></contributor><created>2019-07-21T23:53:15Z</created><keywords></keywords><modified>2019-07-21T23:53:15Z</modified><revision></revision><subject></subject><title></title><unit meter="0.010000" name="centimeter"></unit><up_axis>Y_UP</up_axis></asset>
  <library_animations>
    <animation id="Global_SRT-anim" name="Global_SRT"><animation><source id="Global_SRT-Matrix-animation-input"><float_array id="Global_SRT-Matrix-animation-input-array" count="45">

0.016667 0.050000 0.083333 0.116667 0.150000 0.183333 0.216667 0.250000 0.283333 0.316667 0.350000 0.383333 0.416667 0.450000 0.483333 0.516667
0.550000 0.583333 0.616667 0.650000 0.683333 0.716667 0.750000 0.783333 0.816667 0.850000 0.883333 0.916667 0.950000 0.983333 1.016667 1.050000
1.083333 1.116667 1.150000 1.183333 1.216667 1.250000 1.283333 1.316667 1.350000 1.383333 1.416667 1.450000 1.483333</float_array><technique_common><accessor source="#Global_SRT-Matrix-animation-input-array" count="45"><param name="TIME" type="float"/></accessor></technique_common></source><source id="Global_SRT-Matrix-animation-output-transform"><float_array id="Global_SRT-Matrix-animation-output-transform-array" count="720">

1.000000 0.000000 0.000000 0.000000 0.000000 1.000000 0.000000 0.000000 0.000000 0.000000 1.000000 0.000000 0.000000 0.000000 0.000000 1.000000
1.000000 0.000000 0.000000 0.000000 0.000000 1.000000 0.000000 0.000000 0.000000 0.000000 1.000000 0.000000 0.000000 0.000000 0.000000 1.000000
1.000000 0.000000 0.000000 0.000000 0.000000 1.000000 0.000000 0.000000 0.000000 0.000000 1.000000 0.000000 0.000000 0.000000 0.000000 1.000000
1.000000 0.000000 0.000000 0.000000 0.000000 1.000000 0.000000 0.000000 0.000000 0.000000 1.000000 0.000000 0.000000 0.000000 0.000000 1.000000
1.000000 0.000000 0.000000 0.000000 0.000000 1.000000 0.000000 0.000000 0.000000 0.000000 1.000000 0.000000 0.000000 0.000000 0.000000 1.000000
1.000000 0.000000 0.000000 0.000000 0.000000 1.000000 0.000000 0.000000 0.000000 0.000000 1.000000 0.000000 0.000000 0.000000 0.000000 1.000000
1.000000 0.000000 0.000000 0.000000 0.000000 1.000000 0.000000 0.000000 0.000000 0.000000 1.000000 0.000000 0.000000 0.000000 0.000000 1.000000
1.000000 0.000000 0.000000 0.000000 0.000000 1.000000 0.000000 0.000000 0.000000 0.000000 1.000000 0.000000 0.000000 0.000000 0.000000 1.000000
1.000000 0.000000 0.000000 0.000000 0.000000 1.000000 0.000000 0.000000 0.000000 0.000000 1.000000 0.000000 0.000000 0.000000 0.000000 1.000000
1.000000 0.000000 0.000000 0.000000 0.000000 1.000000 0.000000 0.000000 0.000000 0.000000 1.000000 0.000000 0.000000 0.000000 0.000000 1.000000
1.000000 0.000000 0.000000 0.000000 0.000000 1.000000 0.000000 0.000000 0.000000 0.000000 1.000000 0.000000 0.000000 0.000000 0.000000 1.000000
1.000000 0.000000 0.000000 0.000000 0.000000 1.000000 0.000000 0.000000 0.000000 0.000000 1.000000 0.000000 0.000000 0.000000 0.000000 1.000000
1.000000 0.000000 0.000000 0.000000 0.000000 1.000000 0.000000 0.000000 0.000000 0.000000 1.000000 0.000000 0.000000 0.000000 0.000000 1.000000
1.000000 0.000000 0.000000 0.000000 0.000000 1.000000 0.000000 0.000000 0.000000 0.000000 1.000000 0.000000 0.000000 0.000000 0.000000 1.000000
1.000000 0.000000 0.000000 0.000000 0.000000 1.000000 0.000000 0.000000 0.000000 0.000000 1.000000 0.000000 0.000000 0.000000 0.000000 1.000000
1.000000 0.000000 0.000000 0.000000 0.000000 1.000000 0.000000 0.000000 0.000000 0.000000 1.000000 0.000000 0.000000 0.000000 0.000000 1.000000
1.000000 0.000000 0.000000 0.000000 0.000000 1.000000 0.000000 0.000000 0.000000 0.000000 1.000000 0.000000 0.000000 0.000000 0.000000 1.000000
1.000000 0.000000 0.000000 0.000000 0.000000 1.000000 0.000000 0.000000 0.000000 0.000000 1.000000 0.000000 0.000000 0.000000 0.000000 1.000000
1.000000 0.000000 0.000000 0.000000 0.000000 1.000000 0.000000 0.000000 0.000000 0.000000 1.000000 0.000000 0.000000 0.000000 0.000000 1.000000
1.000000 0.000000 0.000000 0.000000 0.000000 1.000000 0.000000 0.000000 0.000000 0.000000 1.000000 0.000000 0.000000 0.000000 0.000000 1.000000
1.000000 0.000000 0.000000 0.000000 0.000000 1.000000 0.000000 0.000000 0.000000 0.000000 1.000000 0.000000 0.000000 0.000000 0.000000 1.000000
1.000000 0.000000 0.000000 0.000000 0.000000 1.000000 0.000000 0.000000 0.000000 0.000000 1.000000 0.000000 0.000000 0.000000 0.000000 1.000000
1.000000 0.000000 0.000000 0.000000 0.000000 1.000000 0.000000 0.000000 0.000000 0.000000 1.000000 0.000000 0.000000 0.000000 0.000000 1.000000
1.000000 0.000000 0.000000 0.000000 0.000000 1.000000 0.000000 0.000000 0.000000 0.000000 1.000000 0.000000 0.000000 0.000000 0.000000 1.000000
1.000000 0.000000 0.000000 0.000000 0.000000 1.000000 0.000000 0.000000 0.000000 0.000000 1.000000 0.000000 0.000000 0.000000 0.000000 1.000000
1.000000 0.000000 0.000000 0.000000 0.000000 1.000000 0.000000 0.000000 0.000000 0.000000 1.000000 0.000000 0.000000 0.000000 0.000000 1.000000
1.000000 0.000000 0.000000 0.000000 0.000000 1.000000 0.000000 0.000000 0.000000 0.000000 1.000000 0.000000 0.000000 0.000000 0.000000 1.000000
1.000000 0.000000 0.000000 0.000000 0.000000 1.000000 0.000000 0.000000 0.000000 0.000000 1.000000 0.000000 0.000000 0.000000 0.000000 1.000000
1.000000 0.000000 0.000000 0.000000 0.000000 1.000000 0.000000 0.000000 0.000000 0.000000 1.000000 0.000000 0.000000 0.000000 0.000000 1.000000
1.000000 0.000000 0.000000 0.000000 0.000000 1.000000 0.000000 0.000000 0.000000 0.000000 1.000000 0.000000 0.000000 0.000000 0.000000 1.000000
1.000000 0.000000 0.000000 0.000000 0.000000 1.000000 0.000000 0.000000 0.000000 0.000000 1.000000 0.000000 0.000000 0.000000 0.000000 1.000000
1.000000 0.000000 0.000000 0.000000 0.000000 1.000000 0.000000 0.000000 0.000000 0.000000 1.000000 0.000000 0.000000 0.000000 0.000000 1.000000
1.000000 0.000000 0.000000 0.000000 0.000000 1.000000 0.000000 0.000000 0.000000 0.000000 1.000000 0.000000 0.000000 0.000000 0.000000 1.000000
1.000000 0.000000 0.000000 0.000000 0.000000 1.000000 0.000000 0.000000 0.000000 0.000000 1.000000 0.000000 0.000000 0.000000 0.000000 1.000000
1.000000 0.000000 0.000000 0.000000 0.000000 1.000000 0.000000 0.000000 0.000000 0.000000 1.000000 0.000000 0.000000 0.000000 0.000000 1.000000
1.000000 0.000000 0.000000 0.000000 0.000000 1.000000 0.000000 0.000000 0.000000 0.000000 1.000000 0.000000 0.000000 0.000000 0.000000 1.000000
1.000000 0.000000 0.000000 0.000000 0.000000 1.000000 0.000000 0.000000 0.000000 0.000000 1.000000 0.000000 0.000000 0.000000 0.000000 1.000000
1.000000 0.000000 0.000000 0.000000 0.000000 1.000000 0.000000 0.000000 0.000000 0.000000 1.000000 0.000000 0.000000 0.000000 0.000000 1.000000
1.000000 0.000000 0.000000 0.000000 0.000000 1.000000 0.000000 0.000000 0.000000 0.000000 1.000000 0.000000 0.000000 0.000000 0.000000 1.000000
1.000000 0.000000 0.000000 0.000000 0.000000 1.000000 0.000000 0.000000 0.000000 0.000000 1.000000 0.000000 0.000000 0.000000 0.000000 1.000000
1.000000 0.000000 0.000000 0.000000 0.000000 1.000000 0.000000 0.000000 0.000000 0.000000 1.000000 0.000000 0.000000 0.000000 0.000000 1.000000
1.000000 0.000000 0.000000 0.000000 0.000000 1.000000 0.000000 0.000000 0.000000 0.000000 1.000000 0.000000 0.000000 0.000000 0.000000 1.000000
1.000000 0.000000 0.000000 0.000000 0.000000 1.000000 0.000000 0.000000 0.000000 0.000000 1.000000 0.000000 0.000000 0.000000 0.000000 1.000000
1.000000 0.000000 0.000000 0.000000 0.000000 1.000000 0.000000 0.000000 0.000000 0.000000 1.000000 0.000000 0.000000 0.000000 0.000000 1.000000
1.000000 0.000000 0.000000 0.000000 0.000000 1.000000 0.000000 0.000000 0.000000 0.000000 1.000000 0.000000 0.000000 0.000000 0.000000 1.000000</float_array><technique_common><accessor source="#Global_SRT-Matrix-animation-output-transform-array" count="45" stride="16"><param type="float4x4"/></accessor></technique_common></source><source id="Global_SRT-Interpolations"><Name_array id="Global_SRT-Interpolations-array" count="45">
 LINEAR LINEAR LINEAR LINEAR LINEAR LINEAR LINEAR LINEAR LINEAR LINEAR LINEAR
LINEAR LINEAR LINEAR LINEAR LINEAR LINEAR LINEAR LINEAR LINEAR LINEAR LINEAR LINEAR
LINEAR LINEAR LINEAR LINEAR LINEAR LINEAR LINEAR LINEAR LINEAR LINEAR LINEAR LINEAR
LINEAR LINEAR LINEAR LINEAR LINEAR LINEAR LINEAR LINEAR LINEAR LINEAR</Name_array><technique_common><accessor source="#Global_SRT-Interpolations-array" count="45"><param type="name"/></accessor></technique_common></source><sampler id="Global_SRT-Matrix-animation-transform"><input semantic="INPUT" source="#Global_SRT-Matrix-animation-input"/><input semantic="OUTPUT" source="#Global_SRT-Matrix-animation-output-transform"/><input semantic="INTERPOLATION" source="#Global_SRT-Interpolations"/></sampler><channel source="#Global_SRT-Matrix-animation-transform" target="Global_SRT/matrix"/></animation></animation>
    <animation id="Chest1-anim" name="Chest1"><animation><source id="Chest1-Matrix-animation-input"><float_array id="Chest1-Matrix-animation-input-array" count="45">

0.016667 0.050000 0.083333 0.116667 0.150000 0.183333 0.216667 0.250000 0.283333 0.316667 0.350000 0.383333 0.416667 0.450000 0.483333 0.516667
0.550000 0.583333 0.616667 0.650000 0.683333 0.716667 0.750000 0.783333 0.816667 0.850000 0.883333 0.916667 0.950000 0.983333 1.016667 1.050000
1.083333 1.116667 1.150000 1.183333 1.216667 1.250000 1.283333 1.316667 1.350000 1.383333 1.416667 1.450000 1.483333</float_array><technique_common><accessor source="#Chest1-Matrix-animation-input-array" count="45"><param name="TIME" type="float"/></accessor></technique_common></source><source id="Chest1-Matrix-animation-output-transform"><float_array id="Chest1-Matrix-animation-output-transform-array" count="720">

1.000000 0.000000 0.000000 0.000000 0.000000 1.000000 0.000000 0.475218 0.000000 -0.000000 1.000000 -0.011883 0.000000 0.000000 0.000000 1.000000
1.000000 0.000000 0.000000 0.000000 0.000000 1.000000 -0.000174 0.475218 0.000000 0.000174 1.000000 -0.011883 0.000000 0.000000 0.000000 1.000000
1.000000 0.000000 0.000000 0.000000 0.000000 1.000000 -0.000674 0.475218 0.000000 0.000674 1.000000 -0.011884 0.000000 0.000000 0.000000 1.000000
1.000000 0.000000 0.000000 0.000000 0.000000 0.999999 -0.001462 0.475218 0.000000 0.001462 0.999999 -0.011884 0.000000 0.000000 0.000000 1.000000
1.000000 0.000000 0.000000 0.000000 0.000000 0.999997 -0.002502 0.475218 0.000000 0.002502 0.999997 -0.011885 0.000000 0.000000 0.000000 1.000000
1.000000 0.000000 0.000000 0.000000 0.000000 0.999993 -0.003759 0.475217 0.000000 0.003759 0.999993 -0.011886 0.000000 0.000000 0.000000 1.000000
1.000000 0.000000 0.000000 0.000000 0.000000 0.999986 -0.005196 0.475217 0.000000 0.005196 0.999986 -0.011887 0.000000 0.000000 0.000000 1.000000
1.000000 0.000000 0.000000 0.000000 0.000000 0.999977 -0.006777 0.475217 0.000000 0.006777 0.999977 -0.011888 0.000000 0.000000 0.000000 1.000000
1.000000 0.000000 0.000000 0.000000 0.000000 0.999964 -0.008466 0.475216 0.000000 0.008466 0.999964 -0.011889 0.000000 0.000000 0.000000 1.000000
1.000000 0.000000 0.000000 0.000000 0.000000 0.999948 -0.010227 0.475216 0.000000 0.010227 0.999948 -0.011890 0.000000 0.000000 0.000000 1.000000
1.000000 0.000000 0.000000 0.000000 0.000000 0.999937 -0.011212 0.475216 0.000000 0.011212 0.999937 -0.011892 0.000000 0.000000 0.000000 1.000000
1.000000 0.000000 0.000000 0.000000 0.000000 0.999930 -0.011872 0.475215 0.000000 0.011872 0.999930 -0.011893 0.000000 0.000000 0.000000 1.000000
1.000000 0.000000 0.000000 0.000000 0.000000 0.999915 -0.013053 0.475215 0.000000 0.013053 0.999915 -0.011894 0.000000 0.000000 0.000000 1.000000
1.000000 0.000000 0.000000 0.000000 0.000000 0.999893 -0.014612 0.475214 0.000000 0.014612 0.999893 -0.011896 0.000000 0.000000 0.000000 1.000000
1.000000 0.000000 0.000000 0.000000 0.000000 0.999865 -0.016405 0.475214 0.000000 0.016405 0.999865 -0.011897 0.000000 0.000000 0.000000 1.000000
1.000000 0.000000 0.000000 0.000000 0.000000 0.999833 -0.018287 0.475213 0.000000 0.018287 0.999833 -0.011899 0.000000 0.000000 0.000000 1.000000
1.000000 0.000000 0.000000 0.000000 0.000000 0.999798 -0.020115 0.475213 0.000000 0.020115 0.999798 -0.011900 0.000000 0.000000 0.000000 1.000000
1.000000 0.000000 0.000000 0.000000 0.000000 0.999764 -0.021744 0.475212 0.000000 0.021744 0.999764 -0.011902 0.000000 0.000000 0.000000 1.000000
1.000000 0.000000 0.000000 0.000000 0.000000 0.999735 -0.023030 0.475212 0.000000 0.023030 0.999735 -0.011903 0.000000 0.000000 0.000000 1.000000
1.000000 0.000000 0.000000 0.000000 0.000000 0.999716 -0.023829 0.475212 0.000000 0.023829 0.999716 -0.011904 0.000000 0.000000 0.000000 1.000000
1.000000 0.000000 0.000000 0.000000 0.000000 0.999713 -0.023963 0.475211 0.000000 0.023963 0.999713 -0.011906 0.000000 0.000000 0.000000 1.000000
1.000000 0.000000 0.000000 0.000000 0.000000 0.999720 -0.023672 0.475211 0.000000 0.023672 0.999720 -0.011907 0.000000 0.000000 0.000000 1.000000
1.000000 0.000000 0.000000 0.000000 0.000000 0.999733 -0.023113 0.475211 0.000000 0.023113 0.999733 -0.011907 0.000000 0.000000 0.000000 1.000000
1.000000 0.000000 0.000000 0.000000 0.000000 0.999751 -0.022311 0.475210 0.000000 0.022311 0.999751 -0.011908 0.000000 0.000000 0.000000 1.000000
1.000000 0.000000 0.000000 0.000000 0.000000 0.999773 -0.021292 0.475210 0.000000 0.021292 0.999773 -0.011909 0.000000 0.000000 0.000000 1.000000
1.000000 0.000000 0.000000 0.000000 0.000000 0.999798 -0.020081 0.475210 0.000000 0.020081 0.999798 -0.011909 0.000000 0.000000 0.000000 1.000000
1.000000 0.000000 0.000000 0.000000 0.000000 0.999825 -0.018703 0.475210 0.000000 0.018703 0.999825 -0.011909 0.000000 0.000000 0.000000 1.000000
1.000000 0.000000 0.000000 0.000000 0.000000 0.999852 -0.017183 0.475210 0.000000 0.017183 0.999852 -0.011909 0.000000 0.000000 0.000000 1.000000
1.000000 0.000000 0.000000 0.000000 0.000000 0.999879 -0.015545 0.475210 0.000000 0.015545 0.999879 -0.011909 0.000000 0.000000 0.000000 1.000000
1.000000 0.000000 0.000000 0.000000 0.000000 0.999905 -0.013816 0.475210 0.000000 0.013816 0.999905 -0.011909 0.000000 0.000000 0.000000 1.000000
1.000000 0.000000 0.000000 0.000000 0.000000 0.999918 -0.012837 0.475210 0.000000 0.012837 0.999918 -0.011908 0.000000 0.000000 0.000000 1.000000
1.000000 0.000000 0.000000 0.000000 0.000000 0.999926 -0.012192 0.475211 0.000000 0.012192 0.999926 -0.011907 0.000000 0.000000 0.000000 1.000000
1.000000 0.000000 0.000000 0.000000 0.000000 0.999939 -0.011034 0.475211 0.000000 0.011034 0.999939 -0.011905 0.000000 0.000000 0.000000 1.000000
1.000000 0.000000 0.000000 0.000000 0.000000 0.999955 -0.009503 0.475212 0.000000 0.009503 0.999955 -0.011904 0.000000 0.000000 0.000000 1.000000
1.000000 0.000000 0.000000 0.000000 0.000000 0.999970 -0.007737 0.475212 0.000000 0.007737 0.999970 -0.011902 0.000000 0.000000 0.000000 1.000000
1.000000 0.000000 0.000000 0.000000 0.000000 0.999983 -0.005876 0.475213 0.000000 0.005876 0.999983 -0.011899 0.000000 0.000000 0.000000 1.000000
1.000000 0.000000 0.000000 0.000000 0.000000 0.999992 -0.004058 0.475214 0.000000 0.004058 0.999992 -0.011897 0.000000 0.000000 0.000000 1.000000
1.000000 0.000000 0.000000 0.000000 0.000000 0.999997 -0.002423 0.475215 0.000000 0.002423 0.999997 -0.011894 0.000000 0.000000 0.000000 1.000000
1.000000 0.000000 0.000000 0.000000 0.000000 0.999999 -0.001109 0.475216 0.000000 0.001109 0.999999 -0.011890 0.000000 0.000000 0.000000 1.000000
1.000000 0.000000 0.000000 0.000000 0.000000 1.000000 -0.000255 0.475217 0.000000 0.000255 1.000000 -0.011886 0.000000 0.000000 0.000000 1.000000
1.000000 0.000000 0.000000 0.000000 0.000000 1.000000 -0.000044 0.475218 0.000000 0.000044 1.000000 -0.011884 0.000000 0.000000 0.000000 1.000000
1.000000 0.000000 0.000000 0.000000 0.000000 1.000000 -0.000044 0.475218 0.000000 0.000044 1.000000 -0.011884 0.000000 0.000000 0.000000 1.000000
1.000000 0.000000 0.000000 0.000000 0.000000 1.000000 -0.000044 0.475218 0.000000 0.000044 1.000000 -0.011884 0.000000 0.000000 0.000000 1.000000
1.000000 0.000000 0.000000 0.000000 0.000000 1.000000 -0.000044 0.475218 0.000000 0.000044 1.000000 -0.011884 0.000000 0.000000 0.000000 1.000000
1.000000 0.000000 0.000000 0.000000 0.000000 1.000000 -0.000044 0.475218 0.000000 0.000044 1.000000 -0.011884 0.000000 0.000000 0.000000 1.000000</float_array><technique_common><accessor source="#Chest1-Matrix-animation-output-transform-array" count="45" stride="16"><param type="float4x4"/></accessor></technique_common></source><source id="Chest1-Interpolations"><Name_array id="Chest1-Interpolations-array" count="45">
 LINEAR LINEAR LINEAR LINEAR LINEAR LINEAR LINEAR LINEAR LINEAR LINEAR LINEAR
LINEAR LINEAR LINEAR LINEAR LINEAR LINEAR LINEAR LINEAR LINEAR LINEAR LINEAR LINEAR
LINEAR LINEAR LINEAR LINEAR LINEAR LINEAR LINEAR LINEAR LINEAR LINEAR LINEAR LINEAR
LINEAR LINEAR LINEAR LINEAR LINEAR LINEAR LINEAR LINEAR LINEAR LINEAR</Name_array><technique_common><accessor source="#Chest1-Interpolations-array" count="45"><param type="name"/></accessor></technique_common></source><sampler id="Chest1-Matrix-animation-transform"><input semantic="INPUT" source="#Chest1-Matrix-animation-input"/><input semantic="OUTPUT" source="#Chest1-Matrix-animation-output-transform"/><input semantic="INTERPOLATION" source="#Chest1-Interpolations"/></sampler><channel source="#Chest1-Matrix-animation-transform" target="Chest1/matrix"/></animation></animation>
    <animation id="L_Thigh-anim" name="L_Thigh"><animation><source id="L_Thigh-Matrix-animation-input"><float_array id="L_Thigh-Matrix-animation-input-array" count="40">

0.016667 0.050000 0.083333 0.116667 0.150000 0.183333 0.216667 0.250000 0.283333 0.316667 0.350000 0.383333 0.416667 0.450000 0.483333 0.516667
0.550000 0.583333 0.616667 0.650000 0.683333 0.716667 0.750000 0.783333 0.816667 0.850000 0.883333 0.916667 0.950000 0.983333 1.016667 1.050000
1.083333 1.116667 1.150000 1.183333 1.216667 1.250000 1.283333 1.316667</float_array><technique_common><accessor source="#L_Thigh-Matrix-animation-input-array" count="40"><param name="TIME" type="float"/></accessor></technique_common></source><source id="L_Thigh-Matrix-animation-output-transform"><float_array id="L_Thigh-Matrix-animation-output-transform-array" count="640">

-0.000006 0.000047 1.000000 0.094305 -0.997310 -0.073298 -0.000003 -0.025303 0.073298 -0.997310 0.000047 0.007844 0.000000 0.000000 0.000000 1.000000
-0.000006 0.000047 1.000000 0.094305 -0.997212 -0.074620 -0.000003 -0.025303 0.074620 -0.997212 0.000047 0.007844 0.000000 0.000000 0.000000 1.000000
-0.000006 0.000047 1.000000 0.094305 -0.996934 -0.078251 -0.000002 -0.025303 0.078251 -0.996934 0.000047 0.007844 0.000000 0.000000 0.000000 1.000000
-0.000006 0.000047 1.000000 0.094305 -0.996635 -0.081971 -0.000002 -0.025303 0.081971 -0.996635 0.000047 0.007844 0.000000 0.000000 0.000000 1.000000
-0.000006 0.000047 1.000000 0.094305 -0.995955 -0.089852 -0.000002 -0.025303 0.089852 -0.995955 0.000047 0.007844 0.000000 0.000000 0.000000 1.000000
-0.000006 0.000047 1.000000 0.094305 -0.995518 -0.094568 -0.000002 -0.025303 0.094568 -0.995518 0.000047 0.007844 0.000000 0.000000 0.000000 1.000000
-0.000006 0.000047 1.000000 0.094305 -0.995005 -0.099827 -0.000001 -0.025303 0.099827 -0.995005 0.000047 0.007844 0.000000 0.000000 0.000000 1.000000
-0.000006 0.000047 1.000000 0.094305 -0.994103 -0.108444 -0.000001 -0.025303 0.108444 -0.994103 0.000047 0.007844 0.000000 0.000000 0.000000 1.000000
-0.000006 0.000047 1.000000 0.094305 -0.992962 -0.118435 -0.000001 -0.025303 0.118435 -0.992962 0.000047 0.007844 0.000000 0.000000 0.000000 1.000000
-0.000006 0.000046 1.000000 0.094305 -0.991797 -0.127825 -0.000000 -0.025303 0.127825 -0.991797 0.000047 0.007844 0.000000 0.000000 0.000000 1.000000
-0.000006 0.000046 1.000000 0.094305 -0.991214 -0.132266 0.000000 -0.025303 0.132266 -0.991214 0.000047 0.007844 0.000000 0.000000 0.000000 1.000000
-0.000006 0.000046 1.000000 0.094305 -0.990670 -0.136280 0.000000 -0.025303 0.136280 -0.990670 0.000047 0.007844 0.000000 0.000000 0.000000 1.000000
-0.000006 0.000046 1.000000 0.094305 -0.989784 -0.142575 0.000001 -0.025303 0.142575 -0.989784 0.000047 0.007844 0.000000 0.000000 0.000000 1.000000
-0.000006 0.000046 1.000000 0.094305 -0.988785 -0.149346 0.000001 -0.025303 0.149346 -0.988785 0.000047 0.007844 0.000000 0.000000 0.000000 1.000000
-0.000006 0.000046 1.000000 0.094305 -0.987947 -0.154794 0.000001 -0.025303 0.154794 -0.987947 0.000047 0.007844 0.000000 0.000000 0.000000 1.000000
-0.000006 0.000046 1.000000 0.094305 -0.987674 -0.156522 0.000001 -0.025303 0.156522 -0.987674 0.000047 0.007844 0.000000 0.000000 0.000000 1.000000
-0.000006 0.000046 1.000000 0.094305 -0.987627 -0.156819 0.000001 -0.025303 0.156819 -0.987627 0.000047 0.007844 0.000000 0.000000 0.000000 1.000000
-0.000006 0.000046 1.000000 0.094305 -0.987612 -0.156917 0.000001 -0.025303 0.156917 -0.987612 0.000047 0.007844 0.000000 0.000000 0.000000 1.000000
-0.000006 0.000046 1.000000 0.094305 -0.987709 -0.156301 0.000001 -0.025303 0.156301 -0.987709 0.000047 0.007844 0.000000 0.000000 0.000000 1.000000
-0.000006 0.000046 1.000000 0.094305 -0.988000 -0.154454 0.000001 -0.025303 0.154454 -0.988000 0.000047 0.007844 0.000000 0.000000 0.000000 1.000000
-0.000006 0.000046 1.000000 0.094305 -0.988314 -0.152430 0.000001 -0.025303 0.152430 -0.988314 0.000047 0.007844 0.000000 0.000000 0.000000 1.000000
-0.000006 0.000046 1.000000 0.094305 -0.988837 -0.148999 0.000001 -0.025303 0.148999 -0.988837 0.000047 0.007844 0.000000 0.000000 0.000000 1.000000
-0.000006 0.000046 1.000000 0.094305 -0.989705 -0.143119 0.000001 -0.025303 0.143119 -0.989705 0.000047 0.007844 0.000000 0.000000 0.000000 1.000000
-0.000006 0.000046 1.000000 0.094305 -0.990734 -0.135819 0.000000 -0.025303 0.135819 -0.990734 0.000047 0.007844 0.000000 0.000000 0.000000 1.000000
-0.000006 0.000046 1.000000 0.094305 -0.991758 -0.128128 -0.000000 -0.025303 0.128128 -0.991758 0.000047 0.007844 0.000000 0.000000 0.000000 1.000000
-0.000006 0.000046 1.000000 0.094305 -0.992314 -0.123748 -0.000000 -0.025303 0.123748 -0.992314 0.000047 0.007844 0.000000 0.000000 0.000000 1.000000
-0.000006 0.000047 1.000000 0.094305 -0.992912 -0.118855 -0.000001 -0.025303 0.118855 -0.992912 0.000047 0.007844 0.000000 0.000000 0.000000 1.000000
-0.000006 0.000047 1.000000 0.094305 -0.993809 -0.111102 -0.000001 -0.025303 0.111102 -0.993809 0.000047 0.007844 0.000000 0.000000 0.000000 1.000000
-0.000006 0.000047 1.000000 0.094305 -0.994721 -0.102615 -0.000001 -0.025303 0.102615 -0.994721 0.000047 0.007844 0.000000 0.000000 0.000000 1.000000
-0.000006 0.000047 1.000000 0.094305 -0.995427 -0.095524 -0.000002 -0.025303 0.095524 -0.995427 0.000047 0.007844 0.000000 0.000000 0.000000 1.000000
-0.000006 0.000047 1.000000 0.094305 -0.995756 -0.092035 -0.000002 -0.025303 0.092035 -0.995756 0.000047 0.007844 0.000000 0.000000 0.000000 1.000000
-0.000006 0.000047 1.000000 0.094305 -0.995988 -0.089481 -0.000002 -0.025303 0.089481 -0.995988 0.000047 0.007844 0.000000 0.000000 0.000000 1.000000
-0.000006 0.000047 1.000000 0.094305 -0.996275 -0.086231 -0.000002 -0.025303 0.086231 -0.996275 0.000047 0.007844 0.000000 0.000000 0.000000 1.000000
-0.000006 0.000047 1.000000 0.094305 -0.996414 -0.084616 -0.000002 -0.025303 0.084616 -0.996414 0.000047 0.007844 0.000000 0.000000 0.000000 1.000000
-0.000006 0.000047 1.000000 0.094305 -0.996675 -0.081481 -0.000002 -0.025303 0.081481 -0.996675 0.000047 0.007844 0.000000 0.000000 0.000000 1.000000
-0.000006 0.000047 1.000000 0.094305 -0.996797 -0.079975 -0.000002 -0.025303 0.079975 -0.996797 0.000047 0.007844 0.000000 0.000000 0.000000 1.000000
-0.000006 0.000047 1.000000 0.094305 -0.996890 -0.078809 -0.000002 -0.025303 0.078809 -0.996890 0.000047 0.007844 0.000000 0.000000 0.000000 1.000000
-0.000006 0.000047 1.000000 0.094305 -0.997030 -0.077008 -0.000002 -0.025303 0.077008 -0.997030 0.000047 0.007844 0.000000 0.000000 0.000000 1.000000
-0.000006 0.000047 1.000000 0.094305 -0.997174 -0.075127 -0.000003 -0.025303 0.075127 -0.997174 0.000047 0.007844 0.000000 0.000000 0.000000 1.000000
-0.000006 0.000047 1.000000 0.094305 -0.997279 -0.073719 -0.000003 -0.025303 0.073719 -0.997279 0.000047 0.007844 0.000000 0.000000 0.000000 1.000000</float_array><technique_common><accessor source="#L_Thigh-Matrix-animation-output-transform-array" count="40" stride="16"><param type="float4x4"/></accessor></technique_common></source><source id="L_Thigh-Interpolations"><Name_array id="L_Thigh-Interpolations-array" count="40">
 LINEAR LINEAR LINEAR LINEAR LINEAR LINEAR LINEAR LINEAR LINEAR LINEAR LINEAR
LINEAR LINEAR LINEAR LINEAR LINEAR LINEAR LINEAR LINEAR LINEAR LINEAR LINEAR LINEAR
LINEAR LINEAR LINEAR LINEAR LINEAR LINEAR LINEAR LINEAR LINEAR LINEAR LINEAR LINEAR
LINEAR LINEAR LINEAR LINEAR LINEAR</Name_array><technique_common><accessor source="#L_Thigh-Interpolations-array" count="40"><param type="name"/></accessor></technique_common></source><sampler id="L_Thigh-Matrix-animation-transform"><input semantic="INPUT" source="#L_Thigh-Matrix-animation-input"/><input semantic="OUTPUT" source="#L_Thigh-Matrix-animation-output-transform"/><input semantic="INTERPOLATION" source="#L_Thigh-Interpolations"/></sampler><channel source="#L_Thigh-Matrix-animation-transform" target="L_Thigh/matrix"/></animation></animation>
    <animation id="L_Shin-anim" name="L_Shin"><animation><source id="L_Shin-Matrix-animation-input"><float_array id="L_Shin-Matrix-animation-input-array" count="40">

0.016667 0.050000 0.083333 0.116667 0.150000 0.183333 0.216667 0.250000 0.283333 0.316667 0.350000 0.383333 0.416667 0.450000 0.483333 0.516667
0.550000 0.583333 0.616667 0.650000 0.683333 0.716667 0.750000 0.783333 0.816667 0.850000 0.883333 0.916667 0.950000 0.983333 1.016667 1.050000
1.083333 1.116667 1.150000 1.183333 1.216667 1.250000 1.283333 1.316667</float_array><technique_common><accessor source="#L_Shin-Matrix-animation-input-array" count="40"><param name="TIME" type="float"/></accessor></technique_common></source><source id="L_Shin-Matrix-animation-output-transform"><float_array id="L_Shin-Matrix-animation-output-transform-array" count="640">

0.991542 -0.129783 -0.000000 0.215638 0.129783 0.991542 0.000000 -0.000000 0.000000 0.000000 1.000000 0.000000 0.000000 0.000000 0.000000 1.000000
0.991245 -0.132036 0.000000 0.215638 0.132036 0.991245 -0.000000 -0.000000 0.000000 0.000000 1.000000 0.000000 0.000000 0.000000 0.000000 1.000000
0.990407 -0.138184 0.000000 0.215638 0.138184 0.990407 -0.000000 -0.000000 0.000000 0.000000 1.000000 0.000000 0.000000 0.000000 0.000000 1.000000
0.989522 -0.144382 0.000000 0.215638 0.144382 0.989522 -0.000000 -0.000000 0.000000 0.000000 1.000000 0.000000 0.000000 0.000000 0.000000 1.000000
0.987535 -0.157398 0.000000 0.215638 0.157398 0.987535 -0.000000 -0.000000 0.000000 0.000000 1.000000 0.000000 0.000000 0.000000 0.000000 1.000000
0.986288 -0.165032 0.000000 0.215638 0.165032 0.986288 -0.000000 -0.000000 0.000000 0.000000 1.000000 0.000000 0.000000 0.000000 0.000000 1.000000
0.984878 -0.173250 0.000000 0.215638 0.173250 0.984878 -0.000000 -0.000000 0.000000 0.000000 1.000000 -0.000000 0.000000 0.000000 0.000000 1.000000
0.982435 -0.186603 0.000000 0.215638 0.186603 0.982435 -0.000000 0.000000 0.000000 0.000000 1.000000 0.000000 0.000000 0.000000 0.000000 1.000000
0.979411 -0.201879 0.000000 0.215638 0.201879 0.979411 -0.000000 -0.000000 0.000000 0.000000 1.000000 0.000000 0.000000 0.000000 0.000000 1.000000
0.976417 -0.215895 0.000000 0.215638 0.215895 0.976417 -0.000000 -0.000000 0.000000 0.000000 1.000000 0.000000 0.000000 0.000000 0.000000 1.000000
0.974994 -0.222232 0.000000 0.215638 0.222232 0.974994 -0.000000 -0.000000 0.000000 0.000000 1.000000 0.000000 0.000000 0.000000 0.000000 1.000000
0.973766 -0.227553 0.000000 0.215638 0.227553 0.973766 -0.000000 -0.000000 0.000000 0.000000 1.000000 0.000000 0.000000 0.000000 0.000000 1.000000
0.971816 -0.235741 0.000000 0.215638 0.235741 0.971816 -0.000000 -0.000000 0.000000 0.000000 1.000000 0.000000 0.000000 0.000000 0.000000 1.000000
0.969714 -0.244245 0.000000 0.215638 0.244245 0.969714 -0.000000 -0.000000 0.000000 0.000000 1.000000 0.000000 0.000000 0.000000 0.000000 1.000000
0.968108 -0.250533 0.000000 0.215638 0.250533 0.968108 -0.000000 0.000000 0.000000 0.000000 1.000000 0.000000 0.000000 0.000000 0.000000 1.000000
0.967745 -0.251933 0.000000 0.215638 0.251933 0.967745 -0.000000 -0.000000 0.000000 0.000000 1.000000 0.000000 0.000000 0.000000 0.000000 1.000000
0.968026 -0.250849 0.000000 0.215638 0.250849 0.968026 -0.000000 -0.000000 0.000000 0.000000 1.000000 -0.000000 0.000000 0.000000 0.000000 1.000000
0.968635 -0.248487 0.000000 0.215638 0.248487 0.968635 -0.000000 -0.000000 0.000000 0.000000 1.000000 0.000000 0.000000 0.000000 0.000000 1.000000
0.969612 -0.244646 0.000000 0.215638 0.244646 0.969612 -0.000000 -0.000000 0.000000 0.000000 1.000000 0.000000 0.000000 0.000000 0.000000 1.000000
0.970990 -0.239121 0.000000 0.215638 0.239121 0.970990 -0.000000 -0.000000 0.000000 0.000000 1.000000 0.000000 0.000000 0.000000 0.000000 1.000000
0.972048 -0.234784 0.000000 0.215638 0.234784 0.972048 -0.000000 -0.000000 0.000000 0.000000 1.000000 0.000000 0.000000 0.000000 0.000000 1.000000
0.973538 -0.228527 0.000000 0.215638 0.228527 0.973538 -0.000000 -0.000000 0.000000 0.000000 1.000000 0.000000 0.000000 0.000000 0.000000 1.000000
0.975959 -0.217954 0.000000 0.215638 0.217954 0.975959 -0.000000 -0.000000 0.000000 0.000000 1.000000 0.000000 0.000000 0.000000 0.000000 1.000000
0.978742 -0.205096 0.000000 0.215638 0.205096 0.978742 -0.000000 -0.000000 0.000000 0.000000 1.000000 0.000000 0.000000 0.000000 0.000000 1.000000
0.981395 -0.191999 0.000000 0.215638 0.191999 0.981395 -0.000000 -0.000000 0.000000 0.000000 1.000000 0.000000 0.000000 0.000000 0.000000 1.000000
0.982933 -0.183963 0.000000 0.215638 0.183963 0.982933 -0.000000 -0.000000 0.000000 0.000000 1.000000 -0.000000 0.000000 0.000000 0.000000 1.000000
0.985114 -0.171903 0.000000 0.215638 0.171903 0.985114 -0.000000 -0.000000 0.000000 0.000000 1.000000 0.000000 0.000000 0.000000 0.000000 1.000000
0.987308 -0.158818 0.000000 0.215638 0.158818 0.987308 -0.000000 -0.000000 0.000000 0.000000 1.000000 0.000000 0.000000 0.000000 0.000000 1.000000
0.988161 -0.153423 0.000000 0.215638 0.153423 0.988161 -0.000000 -0.000000 0.000000 0.000000 1.000000 0.000000 0.000000 0.000000 0.000000 1.000000
0.989563 -0.144104 0.000000 0.215638 0.144104 0.989563 -0.000000 -0.000000 0.000000 0.000000 1.000000 0.000000 0.000000 0.000000 0.000000 1.000000
0.990093 -0.140411 0.000000 0.215638 0.140411 0.990093 -0.000000 -0.000000 0.000000 0.000000 1.000000 0.000000 0.000000 0.000000 0.000000 1.000000
0.990312 -0.138858 0.000000 0.215638 0.138858 0.990312 -0.000000 -0.000000 0.000000 0.000000 1.000000 0.000000 0.000000 0.000000 0.000000 1.000000
0.990558 -0.137093 0.000000 0.215638 0.137093 0.990558 -0.000000 -0.000000 0.000000 0.000000 1.000000 0.000000 0.000000 0.000000 0.000000 1.000000
0.990682 -0.136199 0.000000 0.215638 0.136199 0.990682 -0.000000 -0.000000 0.000000 0.000000 1.000000 0.000000 0.000000 0.000000 0.000000 1.000000
0.990919 -0.134458 0.000000 0.215638 0.134458 0.990919 -0.000000 -0.000000 0.000000 0.000000 1.000000 0.000000 0.000000 0.000000 0.000000 1.000000
0.991034 -0.133612 0.000000 0.215638 0.133612 0.991034 -0.000000 -0.000000 0.000000 0.000000 1.000000 0.000000 0.000000 0.000000 0.000000 1.000000
0.991124 -0.132944 0.000000 0.215638 0.132944 0.991124 -0.000000 -0.000000 0.000000 0.000000 1.000000 0.000000 0.000000 0.000000 0.000000 1.000000
0.991261 -0.131913 0.000000 0.215638 0.131913 0.991261 -0.000000 -0.000000 0.000000 0.000000 1.000000 0.000000 0.000000 0.000000 0.000000 1.000000
0.991404 -0.130835 0.000000 0.215638 0.130835 0.991404 -0.000000 -0.000000 0.000000 0.000000 1.000000 0.000000 0.000000 0.000000 0.000000 1.000000
0.991511 -0.130026 0.000000 0.215638 0.130026 0.991511 -0.000000 -0.000000 0.000000 0.000000 1.000000 0.000000 0.000000 0.000000 0.000000 1.000000</float_array><technique_common><accessor source="#L_Shin-Matrix-animation-output-transform-array" count="40" stride="16"><param type="float4x4"/></accessor></technique_common></source><source id="L_Shin-Interpolations"><Name_array id="L_Shin-Interpolations-array" count="40">
 LINEAR LINEAR LINEAR LINEAR LINEAR LINEAR LINEAR LINEAR LINEAR LINEAR LINEAR
LINEAR LINEAR LINEAR LINEAR LINEAR LINEAR LINEAR LINEAR LINEAR LINEAR LINEAR LINEAR
LINEAR LINEAR LINEAR LINEAR LINEAR LINEAR LINEAR LINEAR LINEAR LINEAR LINEAR LINEAR
LINEAR LINEAR LINEAR LINEAR LINEAR</Name_array><technique_common><accessor source="#L_Shin-Interpolations-array" count="40"><param type="name"/></accessor></technique_common></source><sampler id="L_Shin-Matrix-animation-transform"><input semantic="INPUT" source="#L_Shin-Matrix-animation-input"/><input semantic="OUTPUT" source="#L_Shin-Matrix-animation-output-transform"/><input semantic="INTERPOLATION" source="#L_Shin-Interpolations"/></sampler><channel source="#L_Shin-Matrix-animation-transform" target="L_Shin/matrix"/></animation></animation>
    <animation id="L_Foot-anim" name="L_Foot"><animation><source id="L_Foot-Matrix-animation-input"><float_array id="L_Foot-Matrix-animation-input-array" count="40">

0.016667 0.050000 0.083333 0.116667 0.150000 0.183333 0.216667 0.250000 0.283333 0.316667 0.350000 0.383333 0.416667 0.450000 0.483333 0.516667
0.550000 0.583333 0.616667 0.650000 0.683333 0.716667 0.750000 0.783333 0.816667 0.850000 0.883333 0.916667 0.950000 0.983333 1.016667 1.050000
1.083333 1.116667 1.150000 1.183333 1.216667 1.250000 1.283333 1.316667</float_array><technique_common><accessor source="#L_Foot-Matrix-animation-input-array" count="40"><param name="TIME" type="float"/></accessor></technique_common></source><source id="L_Foot-Matrix-animation-output-transform"><float_array id="L_Foot-Matrix-animation-output-transform-array" count="640">

0.034616 0.999375 0.007235 0.213968 -0.991300 0.033415 0.127313 -0.000000 0.126991 -0.011579 0.991836 -0.000000 0.000000 0.000000 0.000000 1.000000
0.033493 0.999412 0.007379 0.213968 -0.991338 0.032283 0.127304 -0.000000 0.126991 -0.011579 0.991836 -0.000000 0.000000 0.000000 0.000000 1.000000
0.030469 0.999506 0.007767 0.213968 -0.991436 0.029234 0.127281 -0.000000 0.126991 -0.011579 0.991836 -0.000000 0.000000 0.000000 0.000000 1.000000
0.027412 0.999591 0.008160 0.213968 -0.991525 0.026152 0.127257 -0.000000 0.126991 -0.011579 0.991836 -0.000000 0.000000 0.000000 0.000000 1.000000
0.020987 0.999739 0.008984 0.213968 -0.991682 0.019675 0.127201 -0.000000 0.126991 -0.011579 0.991836 -0.000000 0.000000 0.000000 0.000000 1.000000
0.017221 0.999807 0.009467 0.213968 -0.991754 0.015879 0.127166 -0.000000 0.126991 -0.011579 0.991836 -0.000000 0.000000 0.000000 0.000000 1.000000
0.013178 0.999863 0.009985 0.213968 -0.991816 0.011803 0.127127 -0.000000 0.126991 -0.011579 0.991836 -0.000000 0.000000 0.000000 0.000000 1.000000
0.006602 0.999920 0.010828 0.213968 -0.991882 0.005173 0.127058 -0.000000 0.126991 -0.011579 0.991836 -0.000000 0.000000 0.000000 0.000000 1.000000
-0.000932 0.999930 0.011793 0.213968 -0.991903 -0.002422 0.126972 -0.000000 0.126991 -0.011579 0.991836 -0.000000 0.000000 0.000000 0.000000 1.000000
-0.007847 0.999889 0.012678 0.213968 -0.991873 -0.009393 0.126886 -0.000000 0.126991 -0.011579 0.991836 -0.000000 0.000000 0.000000 0.000000 1.000000
-0.010963 0.999854 0.013076 0.213968 -0.991843 -0.012534 0.126846 -0.000000 0.126991 -0.011579 0.991836 -0.000000 0.000000 0.000000 0.000000 1.000000
-0.013556 0.999818 0.013408 0.213968 -0.991811 -0.015148 0.126811 -0.000000 0.126991 -0.011579 0.991836 -0.000000 0.000000 0.000000 0.000000 1.000000
-0.017542 0.999749 0.013917 0.213968 -0.991749 -0.019167 0.126756 -0.000000 0.126991 -0.011579 0.991836 -0.000000 0.000000 0.000000 0.000000 1.000000
-0.021671 0.999661 0.014445 0.213968 -0.991667 -0.023328 0.126697 -0.000000 0.126991 -0.011579 0.991836 -0.000000 0.000000 0.000000 0.000000 1.000000
-0.024689 0.999585 0.014830 0.213968 -0.991597 -0.026371 0.126653 -0.000000 0.126991 -0.011579 0.991836 -0.000000 0.000000 0.000000 0.000000 1.000000
-0.025316 0.999568 0.014910 0.213968 -0.991581 -0.027002 0.126643 -0.000000 0.126991 -0.011579 0.991836 -0.000000 0.000000 0.000000 0.000000 1.000000
-0.024683 0.999585 0.014830 0.213968 -0.991597 -0.026364 0.126653 -0.000000 0.126991 -0.011579 0.991836 -0.000000 0.000000 0.000000 0.000000 1.000000
-0.023354 0.999620 0.014660 0.213968 -0.991629 -0.025025 0.126673 -0.000000 0.126991 -0.011579 0.991836 -0.000000 0.000000 0.000000 0.000000 1.000000
-0.021266 0.999670 0.014393 0.213968 -0.991676 -0.022920 0.126703 -0.000000 0.126991 -0.011579 0.991836 -0.000000 0.000000 0.000000 0.000000 1.000000
-0.018352 0.999733 0.014021 0.213968 -0.991734 -0.019983 0.126745 -0.000000 0.126991 -0.011579 0.991836 -0.000000 0.000000 0.000000 0.000000 1.000000
-0.016120 0.999776 0.013735 0.213968 -0.991773 -0.017732 0.126776 -0.000000 0.126991 -0.011579 0.991836 -0.000000 0.000000 0.000000 0.000000 1.000000
-0.012949 0.999827 0.013330 0.213968 -0.991819 -0.014537 0.126820 -0.000000 0.126991 -0.011579 0.991836 -0.000000 0.000000 0.000000 0.000000 1.000000
-0.007611 0.999891 0.012647 0.213968 -0.991875 -0.009154 0.126889 -0.000000 0.126991 -0.011579 0.991836 -0.000000 0.000000 0.000000 0.000000 1.000000
-0.001148 0.999929 0.011820 0.213968 -0.991903 -0.002640 0.126969 -0.000000 0.126991 -0.011579 0.991836 -0.000000 0.000000 0.000000 0.000000 1.000000
0.005391 0.999925 0.010983 0.213968 -0.991889 0.003953 0.127044 -0.000000 0.126991 -0.011579 0.991836 -0.000000 0.000000 0.000000 0.000000 1.000000
0.008906 0.999905 0.010533 0.213968 -0.991864 0.007496 0.127082 -0.000000 0.126991 -0.011579 0.991836 -0.000000 0.000000 0.000000 0.000000 1.000000
0.012596 0.999870 0.010060 0.213968 -0.991824 0.011216 0.127121 -0.000000 0.126991 -0.011579 0.991836 -0.000000 0.000000 0.000000 0.000000 1.000000
0.018317 0.999789 0.009326 0.213968 -0.991735 0.016983 0.127177 -0.000000 0.126991 -0.011579 0.991836 -0.000000 0.000000 0.000000 0.000000 1.000000
0.024338 0.999667 0.008554 0.213968 -0.991605 0.023053 0.127231 -0.000000 0.126991 -0.011579 0.991836 -0.000000 0.000000 0.000000 0.000000 1.000000
0.028930 0.999550 0.007965 0.213968 -0.991482 0.027682 0.127269 -0.000000 0.126991 -0.011579 0.991836 -0.000000 0.000000 0.000000 0.000000 1.000000
0.030478 0.999505 0.007766 0.213968 -0.991435 0.029243 0.127281 -0.000000 0.126991 -0.011579 0.991836 -0.000000 0.000000 0.000000 0.000000 1.000000
0.031099 0.999487 0.007686 0.213968 -0.991416 0.029869 0.127286 -0.000000 0.126991 -0.011579 0.991836 -0.000000 0.000000 0.000000 0.000000 1.000000
0.031774 0.999466 0.007600 0.213968 -0.991395 0.030550 0.127291 -0.000000 0.126991 -0.011579 0.991836 -0.000000 0.000000 0.000000 0.000000 1.000000
0.032119 0.999455 0.007555 0.213968 -0.991384 0.030897 0.127294 -0.000000 0.126991 -0.011579 0.991836 -0.000000 0.000000 0.000000 0.000000 1.000000
0.032791 0.999434 0.007469 0.213968 -0.991362 0.031575 0.127299 -0.000000 0.126991 -0.011579 0.991836 -0.000000 0.000000 0.000000 0.000000 1.000000
0.033119 0.999424 0.007427 0.213968 -0.991351 0.031905 0.127302 -0.000000 0.126991 -0.011579 0.991836 -0.000000 0.000000 0.000000 0.000000 1.000000
0.033380 0.999415 0.007393 0.213968 -0.991342 0.032168 0.127304 -0.000000 0.126991 -0.011579 0.991836 -0.000000 0.000000 0.000000 0.000000 1.000000
0.033783 0.999402 0.007342 0.213968 -0.991328 0.032575 0.127307 -0.000000 0.126991 -0.011579 0.991836 -0.000000 0.000000 0.000000 0.000000 1.000000
0.034204 0.999388 0.007288 0.213968 -0.991314 0.032999 0.127310 -0.000000 0.126991 -0.011579 0.991836 -0.000000 0.000000 0.000000 0.000000 1.000000
